1783257	1300283
195505	1
10214	83
37847	15495
3041	220878
219685	30442
10219	20853
131567	87256753
451507	198046
69815	3
204428	97276
204429	84037
189778	121653
189779	121653
1090	62838
6447	255526
10205	618
6157	139522
10197	669
10190	2085
6656	2150153
57723	888392
74152	105303
204430	50594
204432	147300
200938	5039
187857	45008
1234	67756
203691	489698
136419	14093
203693	134831
1783270	6483828
4890	4106751
10232	324
112	279208
200643	1219087
256845	54683
200930	20430
33317	3150504
33313	78
33310	44
33154	14277197
203683	321711
203682	495993
120557	108
214504	201418
2763	70097
1239	10298207
1003038	1
200795	633357
67819	65056
28890	1476702
188708	96206
10229	380
1206794	2811108
10226	15568
67814	8805
67799	19346
28009	20661
43120	102
200940	25929
451827	16507
1798711	1536007
6073	170530
6072	7407754
641853	2959
5878	158509
451828	73334
33209	8660
33208	7453525
1224	26872870
1312402	464
183924	226321
118001	5039
7711	3852129
976	5902580
38254	706
6433	234
6040	21427
2	64842355
28889	237862
2830	45495
65842	58339
1783272	25965761
33213	7236555
310840	0
13809	370
33682	202575
32061	58761
32066	124732
42241	40565
544448	181141
27563	408
7568	23156
3208	34421
6217	518
200783	47286
68337	20430
40117	195631
68336	6122272
2759	20223537
58023	3860665
554915	129511
51516	41
4761	130770
88770	2191126
68297	5503
1264859	24657
200918	103812
6340	56983
203490	124732
516519	1
74201	523364
201174	13024782
1	87986590
6029	67905
1117	1463127
1297	216943
142182	162992
5204	1846115
203486	5503
7586	72667
3195	28614
508458	53918
66780	36
1760	12584302
2316800	0
6231	604386